Array di 50 numeri equidistanti tra 0 e 10:

[ 0.          0.20408163  0.40816327  0.6122449   0.81632653  1.02040816
  1.2244898   1.42857143  1.63265306  1.83673469  2.04081633  2.24489796
  2.44897959  2.65306122  2.85714286  3.06122449  3.26530612  3.46938776
  3.67346939  3.87755102  4.08163265  4.28571429  4.48979592  4.69387755
  4.89795918  5.10204082  5.30612245  5.51020408  5.71428571  5.91836735
  6.12244898  6.32653061  6.53061224  6.73469388  6.93877551  7.14285714
  7.34693878  7.55102041  7.75510204  7.95918367  8.16326531  8.36734694
  8.57142857  8.7755102   8.97959184  9.18367347  9.3877551   9.59183673
  9.79591837 10.        ]

Array di 50 numeri casuali compresi tra 0 e 1:

[0.95664251 0.15580355 0.86452522 0.1941981  0.95355228 0.35104536
 0.59699247 0.21264958 0.44083066 0.64446523 0.54973011 0.59183262
 0.787183   0.18907687 0.31696215 0.51427444 0.34712203 0.3183008
 0.1952675  0.44604493 0.21002401 0.70011084 0.26031426 0.49312952
 0.84324914 0.81936847 0.94291556 0.7211327  0.6035045  0.55571696
 0.71558093 0.59021268 0.80221414 0.83476279 0.1220828  0.26680282
 0.86090854 0.34865326 0.33301959 0.92762977 0.17676235 0.80667653
 0.34909556 0.75752026 0.40851842 0.09274071 0.7616913  0.54498068
 0.92414261 0.68978969]

Somma dei due array elemento per elemento per ottenere un nuovo array:

[ 0.95664251  0.35988518  1.27268849  0.80644299  1.76987881  1.37145353
  1.82148227  1.64122101  2.07348372  2.48119992  2.59054644  2.83673058
  3.2361626   2.84213809  3.174105    3.57549893  3.61242815  3.78768855
  3.86873689  4.32359595  4.29165666  4.98582513  4.75011018  5.18700707
  5.74120832  5.92140928  6.24903801  6.23133678  6.31779022  6.4740843
  6.83802991  6.91674329  7.33282638  7.56945666  7.06085831  7.40965997
  8.20784731  7.89967367  8.08812163  8.88681345  8.34002766  9.17402347
  8.92052414  9.53303047  9.38811026  9.27641418 10.1494464  10.13681742
 10.72006097 10.68978969]

Somma totale degli elementi del nuovo array: 277.0897507977372

Somma degli elementi del nuovo array che sono maggiori di 5: 214.66014920347465